1.000000000 0.000000000 0.000000000 0.000000000 0.000000000 1.000000000 0.000000000 0.000000000 0.000000000 0.000000000 1.000000000 0.000000000
0.999998689 0.000727846 0.001465094 -0.006691712 -0.000721191 0.999989450 -0.004537847 -0.002644870 -0.001468382 0.004536784 0.999988616 0.964408934
0.999996722 -0.001404756 0.002131826 -0.002137981 0.001416171 0.999984622 -0.005362117 -0.000557077 -0.002124261 0.005365119 0.999983370 1.918867230
0.999993861 -0.002387150 0.002559068 -0.007506359 0.002390444 0.999996305 -0.001284873 -0.003692586 -0.002555992 0.001290983 0.999995887 2.864198208
0.999986589 -0.004809672 0.001929264 -0.005179668 0.004800301 0.999976933 0.004832694 -0.005863514 -0.001952464 -0.004823369 0.999986470 3.812418938
0.999963999 -0.008481619 0.000251844 -0.000096443 0.008480275 0.999951959 0.004927011 -0.003885075 -0.000293621 -0.004924698 0.999987900 4.752711773
0.999938071 -0.011117526 -0.000389704 -0.003759081 0.011118237 0.999936521 0.001868519 0.001504357 0.000368905 -0.001872737 0.999998212 5.684766769
0.999929249 -0.011855272 -0.000922292 -0.009955571 0.011853896 0.999928772 -0.001479224 0.000269680 0.000939763 0.001468186 0.999998450 6.617640495
0.999935865 -0.011194915 -0.001718916 -0.016492555 0.011191580 0.999935508 -0.001937904 0.000223972 0.001740500 0.001918542 0.999996662 7.545346260
0.999936104 -0.010971873 -0.002717585 -0.021573214 0.010970930 0.999939740 -0.000362632 0.002868567 0.002721400 0.000332795 0.999996245 8.467906952
0.999936104 -0.010786755 -0.003373657 -0.029596306 0.010796306 0.999937654 0.002825161 0.000631353 0.003342973 -0.002861403 0.999990284 9.384697914
0.999931514 -0.010897933 -0.004256218 -0.043465629 0.010916716 0.999930680 0.004414815 0.001994018 0.004207810 -0.004460976 0.999981225 10.306111336
0.999914825 -0.012119877 -0.004844610 -0.043012362 0.012143232 0.999914587 0.004820555 0.009702936 0.004785771 -0.004878974 0.999976635 11.223246574
0.999904394 -0.012468996 -0.005971863 -0.046964951 0.012498460 0.999909759 0.004921959 0.011221308 0.005909952 -0.004996127 0.999970078 12.136979103
0.999902546 -0.012487281 -0.006249475 -0.060361359 0.012509119 0.999915719 0.003467436 0.015191410 0.006205651 -0.003545274 0.999974430 13.025959969
0.999886692 -0.013147598 -0.007329158 -0.076973289 0.013158317 0.999912381 0.001416171 0.018622143 0.007309896 -0.001512449 0.999972105 13.931293488
0.999851882 -0.014456009 -0.009341795 -0.082981080 0.014454524 0.999895453 -0.000226462 0.028201902 0.009344093 0.000091397 0.999956310 14.850066185
0.999834895 -0.014294358 -0.011214588 -0.094175398 0.014284378 0.999897480 -0.000969502 0.029655254 0.011227297 0.000809148 0.999936640 15.755390167
0.999837637 -0.012938416 -0.012541095 -0.120895416 0.012920194 0.999915302 -0.001532819 0.026261255 0.012559866 0.001370537 0.999920189 16.644735336
0.999839067 -0.011379187 -0.013875379 -0.141071498 0.011362964 0.999934614 -0.001247408 0.021540748 0.013888666 0.001089542 0.999902964 17.540035248
0.999802172 -0.012452685 -0.015508375 -0.155344218 0.012444392 0.999922335 -0.000631171 0.025370331 0.015515031 0.000438054 0.999879539 18.441341400
0.999786079 -0.011987135 -0.016855543 -0.175413653 0.011998096 0.999927878 0.000549461 0.027199430 0.016847746 -0.000751578 0.999857724 19.311916351
0.999761999 -0.011638516 -0.018453494 -0.194573671 0.011656404 0.999931693 0.000862060 0.031475976 0.018442202 -0.001076956 0.999829292 20.195211411
0.999711692 -0.013174600 -0.020069279 -0.215517700 0.013206156 0.999911726 0.001440654 0.025455415 0.020048529 -0.001705277 0.999797523 21.070903778
0.999667466 -0.012785160 -0.022395398 -0.231612325 0.012798344 0.999917924 0.000445412 0.029500786 0.022387870 -0.000731888 0.999749064 21.945421219
0.999669135 -0.012433085 -0.022517363 -0.259621590 0.012454609 0.999922037 0.000815964 0.027492719 0.022505464 -0.001096139 0.999746144 22.807184219
0.999638736 -0.012274520 -0.023910159 -0.279354274 0.012341214 0.999920309 0.002643852 0.031513870 0.023875803 -0.002937977 0.999710679 23.664953232
0.999610603 -0.013388352 -0.024482723 -0.302001655 0.013535315 0.999891281 0.005846900 0.029497556 0.024401780 -0.006176005 0.999683142 24.505891800
0.999599993 -0.013126803 -0.025051638 -0.329226285 0.013307842 0.999886453 0.007073598 0.034806713 0.024955936 -0.007404151 0.999661148 25.352596283
0.999591947 -0.012579056 -0.025646880 -0.357957631 0.012730977 0.999902427 0.005768981 0.039803736 0.025571808 -0.006093137 0.999654472 26.184867859
0.999587595 -0.010768595 -0.026618700 -0.384043753 0.010856453 0.999936223 0.003158358 0.041349884 0.026582986 -0.003446041 0.999640703 26.999206543
0.999571264 -0.010680883 -0.027256588 -0.409045160 0.010728635 0.999941170 0.001606316 0.040899679 0.027237823 -0.001898054 0.999627173 27.787654877
0.999553204 -0.009899942 -0.028199432 -0.437989175 0.009933436 0.999950111 0.001048006 0.044674024 0.028187651 -0.001327655 0.999601781 28.582910538
0.999517262 -0.009963885 -0.029425316 -0.465702623 0.009991032 0.999949813 0.000775689 0.041965000 0.029416109 -0.001069304 0.999566615 29.369388580
0.999455035 -0.009687782 -0.031556044 -0.490548253 0.009696099 0.999952972 0.000110550 0.037757069 0.031553492 -0.000416460 0.999502003 30.158742905
0.999384046 -0.010072436 -0.033618111 -0.518900156 0.010079058 0.999949217 0.000027471 0.037121613 0.033616129 -0.000366293 0.999434829 30.924419403
0.999337614 -0.009513509 -0.035125904 -0.554657996 0.009555677 0.999953747 0.001032781 0.041943721 0.035114460 -0.001367749 0.999382317 31.685840607
0.999254167 -0.009842896 -0.037338644 -0.580550730 0.009970318 0.999945104 0.003227921 0.041502595 0.037304819 -0.003597791 0.999297440 32.442104340
0.999165773 -0.009285478 -0.039767895 -0.607952833 0.009475925 0.999944627 0.004603161 0.044122480 0.039722942 -0.004976159 0.999198377 33.178852081
0.999126077 -0.007765629 -0.041070096 -0.654026628 0.007968513 0.999956906 0.004778560 0.044088297 0.041031208 -0.005101651 0.999144852 33.899707794
0.999063969 -0.005125210 -0.042951908 -0.693765283 0.005313162 0.999976814 0.004262846 0.041452654 0.042929068 -0.004487067 0.999067962 34.619941711
0.998987198 -0.003540276 -0.044856299 -0.725731313 0.003700177 0.999987125 0.003482210 0.046928637 0.044843394 -0.003644660 0.998987317 35.328239441
0.998912632 -0.002995203 -0.046524592 -0.756217241 0.003202422 0.999985397 0.004380052 0.054282255 0.046510790 -0.004524282 0.998907506 36.034297943
0.998874068 -0.001724626 -0.047408514 -0.802938640 0.002032114 0.999977231 0.006438480 0.052308843 0.047396328 -0.006527571 0.998854816 36.728023529
0.998859942 0.000949567 -0.047727056 -0.837284207 -0.000625258 0.999976635 0.006809543 0.056731075 0.047732402 -0.006771937 0.998837173 37.406887054
0.998906195 0.004512107 -0.046540052 -0.877441466 -0.004297770 0.999979734 0.004704474 0.060025804 0.046560336 -0.004499309 0.998905301 38.088684082
0.998978913 0.005838222 -0.044799507 -0.912560463 -0.005748834 0.999981165 0.002123860 0.052766457 0.044811070 -0.001864147 0.998993754 38.728977203
0.999058068 0.005903422 -0.042989496 -0.936430871 -0.005914293 0.999982476 -0.000125705 0.061293814 0.042988002 0.000379839 0.999075532 39.376647949
0.999197543 0.007104619 -0.039416663 -0.973973513 -0.007070061 0.999974430 0.001016049 0.060972765 0.039422877 -0.000736555 0.999222279 40.013587952
0.999264419 0.011760113 -0.036499772 -1.000450134 -0.011632789 0.999925435 0.003698732 0.062454179 0.036540553 -0.003271418 0.999326885 40.654792786
0.999332726 0.016040713 -0.032817926 -1.024797201 -0.015825382 0.999851584 0.006810806 0.067080498 0.032922313 -0.006286905 0.999438107 41.288311005
0.999367118 0.021182982 -0.028577995 -1.048008800 -0.020971177 0.999750495 0.007690970 0.071031123 0.028733782 -0.007086788 0.999562025 41.894989014
0.999418318 0.024781935 -0.023428582 -1.066137910 -0.024602370 0.999665976 0.007921863 0.077388316 0.023617070 -0.007340858 0.999694109 42.480056763
0.999440014 0.028793223 -0.017045731 -1.094204664 -0.028625097 0.999539852 0.010026463 0.084019363 0.017326578 -0.009532914 0.999804497 43.052631378
0.999372363 0.033662859 -0.011024602 -1.093557954 -0.033538781 0.999374092 0.011251526 0.080494434 0.011396457 -0.010874714 0.999875844 43.605316162
0.999308348 0.036963869 -0.004037883 -1.096935749 -0.036917962 0.999258757 0.010906833 0.083755493 0.004438047 -0.010750219 0.999932289 44.138156891
0.999179065 0.040383283 0.003201677 -1.101557970 -0.040416546 0.999121070 0.011112249 0.083309025 -0.002750115 -0.011232527 0.999933124 44.647499084
0.998962820 0.044329520 0.010393655 -1.092935562 -0.044439971 0.998955309 0.010648605 0.087112874 -0.009910751 -0.011099456 0.999889195 45.140110016
0.998682916 0.048027456 0.018050406 -1.088467717 -0.048170675 0.998810351 0.007585387 0.094730139 -0.017664626 -0.008444895 0.999808252 45.624900818
0.998369992 0.050796844 0.026017204 -1.081533074 -0.050938711 0.998690128 0.004819108 0.090033934 -0.025738329 -0.006136537 0.999649882 46.078979492
0.998117387 0.051039618 0.034008019 -1.066999316 -0.051222119 0.998677075 0.004516464 0.092445225 -0.033732515 -0.006249925 0.999411345 46.508392334
0.997854590 0.050220046 0.042000592 -1.039965272 -0.050507873 0.998706639 0.005819481 0.093995869 -0.041654017 -0.007928357 0.999100626 46.907699585
0.997404993 0.052326631 0.049450997 -1.017296791 -0.052719232 0.998587132 0.006667457 0.094184950 -0.049032245 -0.009257170 0.998754323 47.301822662
0.996755421 0.054901179 0.058859851 -1.002092123 -0.055387661 0.998442590 0.006664345 0.097120032 -0.058402307 -0.009902833 0.998244047 47.657752991
0.995955646 0.060011391 0.066865228 -0.969384909 -0.060576048 0.998142719 0.006447605 0.093440503 -0.066354118 -0.010471961 0.997741222 47.981056213
0.995076060 0.063963883 0.075713605 -0.951087713 -0.064630106 0.997888863 0.006379509 0.094707161 -0.075145714 -0.011241472 0.997109175 48.289524078
0.994362950 0.063166201 0.085161597 -0.922743320 -0.064002745 0.997924268 0.007126103 0.090234131 -0.084534690 -0.012536508 0.996341586 48.570728302
0.993466496 0.062016364 0.095803685 -0.885440350 -0.062807120 0.998011827 0.005257803 0.089771062 -0.095287129 -0.011240605 0.995386362 48.846862793
0.992396295 0.060346212 0.107274875 -0.844432831 -0.060787711 0.998150468 0.000847512 0.087762311 -0.107025295 -0.007362063 0.994229019 49.108623505
0.990811825 0.061374906 0.120519683 -0.801847458 -0.061416376 0.998106480 -0.003373863 0.090000525 -0.120498553 -0.004059019 0.992705226 49.377235413
0.988731802 0.062572613 0.135992914 -0.758183479 -0.062401306 0.998035789 -0.005526436 0.086338818 -0.136071607 -0.003021972 0.990694344 49.638145447
0.986234546 0.064815693 0.152118921 -0.712595463 -0.064524285 0.997892559 -0.006856489 0.084419340 -0.152242750 -0.003053257 0.988338351 49.893547058
0.983458638 0.065179408 0.168999389 -0.656459808 -0.064732559 0.997869313 -0.008158250 0.086377293 -0.169171065 -0.002916462 0.985582411 50.152717590
0.980207682 0.064322904 0.187230706 -0.598973274 -0.063675813 0.997925639 -0.009474706 0.086332887 -0.187451750 -0.002634887 0.982270300 50.413612366
0.976358533 0.063422248 0.206643730 -0.534384727 -0.062769942 0.997980654 -0.009718228 0.081331313 -0.206842825 -0.003482541 0.978367984 50.661975861
0.971852958 0.063795857 0.226786107 -0.460268021 -0.062977694 0.997955978 -0.010849008 0.076442480 -0.227014691 -0.003738822 0.973884106 50.902549744
0.966603458 0.065971710 0.247639701 -0.383449554 -0.064684033 0.997816563 -0.013341338 0.079196870 -0.247979164 -0.003122553 0.968760312 51.139984131
0.960350990 0.067191303 0.270575792 -0.305008888 -0.065467775 0.997735858 -0.015400924 0.073693037 -0.270997971 -0.002923702 0.962575495 51.388561249
0.953056455 0.068599440 0.294919431 -0.208458900 -0.066795617 0.997635067 -0.016198413 0.058765948 -0.295333207 -0.004261320 0.955384791 51.614856720
0.944595277 0.071400486 0.320377409 -0.109742165 -0.069546923 0.997429729 -0.017239871 0.054530263 -0.320784926 -0.005996567 0.947133005 51.860576630
0.934753776 0.073113926 0.347691894 -0.004899979 -0.071298696 0.997291982 -0.018030921 0.038633823 -0.348068655 -0.007935505 0.937435389 52.092708588
0.923502803 0.073967360 0.376392782 0.115764618 -0.071978085 0.997218132 -0.019367076 0.034217477 -0.376778275 -0.009206489 0.926257730 52.339874268
0.910955906 0.072194867 0.406137079 0.261812210 -0.069415234 0.997354150 -0.021592807 0.025725126 -0.406621426 -0.008522006 0.913556993 52.579174042
0.896077633 0.069403209 0.438438207 0.406570435 -0.065348893 0.997565269 -0.024351349 0.020208240 -0.439060807 -0.006830753 0.898431361 52.801395416
0.878888547 0.068589561 0.472070396 0.560016632 -0.062601283 0.997634411 -0.028402042 0.009010553 -0.472901762 -0.004589977 0.881103218 53.012931824
0.859465301 0.070191994 0.506352067 0.725833893 -0.061746944 0.997530401 -0.033473331 -0.000010490 -0.507451177 -0.002496529 0.861676872 53.228797913
0.837703407 0.072023191 0.541355371 0.909164429 -0.061216053 0.997402012 -0.037969857 -0.009338140 -0.542683721 -0.001332162 0.839936078 53.460254669
0.812917888 0.075879969 0.577413797 1.100896835 -0.063167751 0.997114420 -0.042102899 -0.016498089 -0.578942418 -0.002247734 0.815365374 53.700897217
0.785639822 0.079400018 0.613568008 1.331972122 -0.065656595 0.996830344 -0.044927217 -0.028728843 -0.615190387 -0.004988175 0.788362682 53.946228027
0.755472302 0.084083445 0.649762511 1.545417786 -0.069567837 0.996419132 -0.048057158 -0.043450356 -0.651476622 -0.008896719 0.758616567 54.166507721
0.722433805 0.085224025 0.686167836 1.802608490 -0.069181211 0.996304452 -0.050906230 -0.061516047 -0.687970519 -0.010693545 0.725659966 54.392589569
0.685813069 0.082874127 0.723043740 2.088087082 -0.065668061 0.996489346 -0.051929314 -0.079086304 -0.724809110 -0.011867082 0.688847721 54.621562958
0.646661639 0.081170596 0.758445740 2.390293121 -0.062444642 0.996617794 -0.053419113 -0.101307631 -0.760216653 -0.012816768 0.649543345 54.841743469
0.603824854 0.080830641 0.793008089 2.714216232 -0.060851831 0.996616542 -0.055249490 -0.123413920 -0.794790924 -0.014894987 0.606700599 55.056358337
0.557233214 0.080778159 0.826417565 3.070230484 -0.057477970 0.996621966 -0.058658794 -0.143519402 -0.828364372 -0.014814182 0.559993863 55.275039673
0.508357823 0.079612195 0.857457936 3.436952591 -0.054007985 0.996704757 -0.060521293 -0.165402889 -0.859450758 -0.015543103 0.510982394 55.470268250
0.460170150 0.078118481 0.884387314 3.885652542 -0.052143946 0.996780157 -0.060914326 -0.178060055 -0.886298060 -0.018084496 0.462761939 55.669963837
0.410603404 0.075063393 0.908719063 4.316659927 -0.051304828 0.996928811 -0.059167817 -0.210430145 -0.910369456 -0.022327168 0.413193524 55.835575104
0.360976696 0.075050324 0.929550052 4.773380280 -0.054142214 0.996761858 -0.059451576 -0.228353858 -0.931001782 -0.028867261 0.363871217 55.982315063
0.311715841 0.076070152 0.947125435 5.242830276 -0.052421995 0.996648788 -0.062794700 -0.245534539 -0.948728144 -0.030076101 0.314658970 56.112682343
0.265403479 0.072546303 0.961404204 5.724337578 -0.041656319 0.997096777 -0.063740060 -0.281812668 -0.963237166 -0.023131724 0.267654985 56.190952301
0.221582860 0.066572852 0.972866476 6.238774300 -0.028279852 0.997686028 -0.061830144 -0.310655534 -0.974731445 -0.013812022 0.222952873 56.262145996
0.180279732 0.065383948 0.981439888 6.762846947 -0.019622752 0.997828782 -0.062871292 -0.345517933 -0.983419657 -0.007924126 0.181171328 56.310932159
0.139873460 0.067402154 0.987872601 7.283505917 -0.015638035 0.997706354 -0.065858923 -0.360659659 -0.990045905 -0.006236474 0.140606672 56.383644104
0.107051536 0.068361700 0.991900504 7.826316357 -0.006963893 0.997660458 -0.068007097 -0.392719328 -0.994229138 0.000372774 0.107277140 56.417022705
0.078451753 0.066718578 0.994682848 8.389412880 0.000760610 0.997753739 -0.066984564 -0.425036818 -0.996917605 0.006011622 0.078224763 56.435939789
0.053097561 0.064830609 0.996482670 8.945037842 0.007582738 0.997835398 -0.065322682 -0.462768495 -0.998560607 0.011024542 0.052491039 56.445922852
0.033667903 0.063939683 0.997385681 9.523480415 0.012109063 0.997852087 -0.064378329 -0.487431586 -0.999359727 0.014244892 0.032821346 56.442844391
0.017588487 0.065852605 0.997674346 10.109802246 0.015411884 0.997692227 -0.066125497 -0.512662470 -0.999726474 0.016539086 0.016532987 56.444206238
0.004125364 0.065627068 0.997835696 10.694115639 0.015447718 0.997720897 -0.065683387 -0.549489260 -0.999872208 0.015685253 0.003102174 56.436466217
-0.007264242 0.066711232 0.997745931 11.310541153 0.016873632 0.997638345 -0.066581182 -0.581869781 -0.999831259 0.016351933 -0.008372743 56.423896790
-0.016307525 0.069274753 0.997464299 11.950019836 0.021683643 0.997386873 -0.068914853 -0.622463107 -0.999631882 0.020504830 -0.017767040 56.413162231
-0.022735961 0.071137644 0.997207224 12.568051338 0.025870886 0.997172952 -0.070545331 -0.657559514 -0.999406636 0.024194719 -0.024512077 56.382942200
-0.027510313 0.070769265 0.997113287 13.226358414 0.026282443 0.997197151 -0.070050076 -0.692809880 -0.999275982 0.024279471 -0.029293194 56.372261047
-0.031175125 0.068008326 0.997197568 13.871190071 0.024292372 0.997439384 -0.067265362 -0.727193713 -0.999218762 0.022127291 -0.032747384 56.356491089
-0.033303309 0.061143577 0.997573256 14.576767921 0.022336757 0.997923136 -0.060419332 -0.767032146 -0.999195635 0.020270387 -0.034599893 56.335166931
-0.034499124 0.055722900 0.997850120 15.265803337 0.023542320 0.998212695 -0.054929208 -0.800259173 -0.999127328 0.021596696 -0.035749305 56.307090759
-0.034881830 0.053007629 0.997984707 15.940733910 0.025869561 0.998305619 -0.052120473 -0.834800839 -0.999056578 0.023999365 -0.036194015 56.280162811
-0.034937993 0.055297319 0.997858465 16.648023605 0.029289803 0.998095870 -0.054284949 -0.875474036 -0.998960197 0.027330467 -0.036491111 56.258300781
-0.033396319 0.062953830 0.997457623 17.357147217 0.030355906 0.997617662 -0.061947577 -0.900712311 -0.998981118 0.028209906 -0.035227779 56.225189209
-0.031734224 0.070568666 0.997001946 18.068098068 0.031374168 0.997083187 -0.069575764 -0.945695281 -0.999003828 0.029072177 -0.033855688 56.211051941
-0.030023994 0.071241572 0.997007072 18.790834427 0.032047756 0.997012556 -0.070276879 -0.980607390 -0.999035239 0.029841851 -0.032217428 56.194572449
-0.027688697 0.066761009 0.997384787 19.523345947 0.031413242 0.997332513 -0.065885462 -1.026381373 -0.999122918 0.029506812 -0.029712025 56.175865173
-0.025108419 0.060606916 0.997845888 20.251071930 0.030884745 0.997731149 -0.059822813 -1.062738776 -0.999207497 0.029316163 -0.026923275 56.155395508
-0.022133661 0.058923636 0.998017073 21.011528015 0.029349724 0.997869611 -0.058264036 -1.114465833 -0.999324083 0.028001929 -0.023815908 56.150409698
-0.018414857 0.064279027 0.997762084 21.745355606 0.037129134 0.997286916 -0.063563168 -1.156425238 -0.999140799 0.035875533 -0.020751523 56.121387482
-0.015546076 0.069349036 0.997471273 22.476753235 0.038984206 0.996875346 -0.068700016 -1.203821421 -0.999118984 0.037817616 -0.018201016 56.113182068
-0.012936129 0.070072405 0.997458041 23.210586548 0.032642517 0.997039318 -0.069619671 -1.244145513 -0.999383509 0.031658929 -0.015185170 56.112838745
-0.009759323 0.066693828 0.997725725 23.956487656 0.028185716 0.997395098 -0.066396035 -1.291439533 -0.999555051 0.027473632 -0.011613715 56.119258881
-0.005043192 0.063243091 0.997985542 24.709762573 0.032285970 0.997488081 -0.063048430 -1.338365078 -0.999465883 0.031902965 -0.007072388 56.123226166
-0.001174065 0.064306043 0.997929573 25.450599670 0.036908053 0.997253120 -0.064219043 -1.383410931 -0.999318004 0.036756236 -0.003544251 56.109802246
0.000994632 0.068690307 0.997637570 26.183238983 0.036610615 0.996966660 -0.068680622 -1.430838585 -0.999329090 0.036592435 -0.001523179 56.124687195
0.005176646 0.069682494 0.997555792 26.930532455 0.032711048 0.997023404 -0.069815084 -1.474308252 -0.999451399 0.032992501 0.002881850 56.139591217
0.009240240 0.069114365 0.997565925 27.683135986 0.032167859 0.997071683 -0.069378093 -1.521064758 -0.999439776 0.032730624 0.006989921 56.145431519
0.012958430 0.066115446 0.997727811 28.427383423 0.036084190 0.997130811 -0.066544540 -1.566450000 -0.999264657 0.036864519 0.010535527 56.149845123
0.016598303 0.066989519 0.997615635 29.172313690 0.040308058 0.996897101 -0.067611925 -1.612999439 -0.999049425 0.041334189 0.013846584 56.157833099
0.019454692 0.067334943 0.997540712 29.909393311 0.043636750 0.996721566 -0.068130694 -1.671568871 -0.998858035 0.044854902 0.016452633 56.185684204
0.022198215 0.067367829 0.997481167 30.659193039 0.044208780 0.996684968 -0.068297878 -1.715945244 -0.998775661 0.045613520 0.019146375 56.203731537
0.025438881 0.065718904 0.997513831 31.400402069 0.045589890 0.996722281 -0.066829391 -1.766021490 -0.998636305 0.047176611 0.022359380 56.230895996
0.029684771 0.065506868 0.997410417 32.149345398 0.047543995 0.996628225 -0.066870488 -1.803117275 -0.998427987 0.049405910 0.026470223 56.243003845
0.032027174 0.066048726 0.997302234 32.873390198 0.045723312 0.996672630 -0.067475379 -1.846388102 -0.998440742 0.047761012 0.028900638 56.279117584
0.033522628 0.067015059 0.997188687 33.607284546 0.042329498 0.996758878 -0.068409190 -1.904390097 -0.998541176 0.044503745 0.030577268 56.334861755
0.037323359 0.066853799 0.997064471 34.366168976 0.044539057 0.996656775 -0.068493702 -1.948779345 -0.998310149 0.046964727 0.034220975 56.349582672
0.040172555 0.067130655 0.996935010 35.121150970 0.042314027 0.996731102 -0.068822004 -1.988631725 -0.998296320 0.044949096 0.037200674 56.384963989
0.042593092 0.067160845 0.996832609 35.884498596 0.040510088 0.996801376 -0.068889663 -2.040361166 -0.998270869 0.043316003 0.039736167 56.419860840
0.045291614 0.067164361 0.996713400 36.652992249 0.037948001 0.996901393 -0.068901427 -2.092372656 -0.998252809 0.040943947 0.042602524 56.467967987
0.048218157 0.069268659 0.996432066 37.396797180 0.036494378 0.996804118 -0.071060523 -2.136740208 -0.998169899 0.039790571 0.045536138 56.504123688
0.051416084 0.072942212 0.996009946 38.149841309 0.035662189 0.996558845 -0.074823365 -2.185032845 -0.998040378 0.039367020 0.048637882 56.543113708
0.054500379 0.074020229 0.995766401 38.913516998 0.035444692 0.996476591 -0.076012999 -2.254920483 -0.997884393 0.039437361 0.051684726 56.607215881
0.057339396 0.076343097 0.995431542 39.683876038 0.029455774 0.996508539 -0.078122422 -2.303309441 -0.997920036 0.033800695 0.054890446 56.662677765
0.059950873 0.075632587 0.995331824 40.459281921 0.025523026 0.996683240 -0.077272579 -2.356288671 -0.997874856 0.030036444 0.057821654 56.720348358
0.063757285 0.076242693 0.995048821 41.246669769 0.027491454 0.996564746 -0.078120373 -2.413061619 -0.997586787 0.032336082 0.061442241 56.775054932
0.067397922 0.077438727 0.994716406 42.019584656 0.026628178 0.996488571 -0.079380915 -2.469245195 -0.997370780 0.031837590 0.065099210 56.827579498
0.071382426 0.078641251 0.994343996 42.805564880 0.023023561 0.996491492 -0.080463924 -2.521398067 -0.997183263 0.028637048 0.069321379 56.892635345
0.075698197 0.076491795 0.994192481 43.596321106 0.022165895 0.996677816 -0.078370720 -2.576333284 -0.996884406 0.027969688 0.073751204 56.956024170
0.079521902 0.075872399 0.993941426 44.399639130 0.021975365 0.996723413 -0.077842936 -2.648128033 -0.996590912 0.028032446 0.077594019 57.045478821
0.084857754 0.079984672 0.993177474 45.190898895 0.018143026 0.996483505 -0.081801079 -2.700449467 -0.996227860 0.024960706 0.083108187 57.099987030
0.091049075 0.088731088 0.991885543 45.980110168 0.016106127 0.995761096 -0.090556234 -2.759387255 -0.995716095 0.024220495 0.089234024 57.177562714
0.098109707 0.093465835 0.990776777 46.778087616 0.014807075 0.995332479 -0.095361844 -2.825180054 -0.995065391 0.024026427 0.096267834 57.266773224
0.105945334 0.096378371 0.989690244 47.579254150 0.010245884 0.995133162 -0.098005220 -2.894033194 -0.994319141 0.020523448 0.104442246 57.353603363
0.112513155 0.094719455 0.989125371 48.384941101 0.007006821 0.995345771 -0.096112184 -2.959701538 -0.993625522 0.017744500 0.111325830 57.467094421
0.120019756 0.093435317 0.988364816 49.192756653 0.006937414 0.995458007 -0.094948307 -3.025993347 -0.992747307 0.018252365 0.118826419 57.573326111
0.127915680 0.089823447 0.987709105 50.017017365 0.006737617 0.995788693 -0.091430783 -3.095571041 -0.991762161 0.018350240 0.126771778 57.677967072
0.134798527 0.083869457 0.987317204 50.822063446 0.004411490 0.996350706 -0.085239127 -3.174090862 -0.990863144 0.015845647 0.133936644 57.803989410
0.142099604 0.076688908 0.986877084 51.621944427 0.001091218 0.996981502 -0.077631235 -3.234924793 -0.989851773 0.012108263 0.141586989 57.917335510
0.149675608 0.074286535 0.985940516 52.429565430 0.001731026 0.997152328 -0.075394079 -3.292939663 -0.988733590 0.012991343 0.149120763 58.046440125
0.157044917 0.076008186 0.984662175 53.233745575 0.001245936 0.997017801 -0.077160649 -3.356826305 -0.987590671 0.013344514 0.156481907 58.181358337
0.162537754 0.082643859 0.983235180 54.014793396 0.001997564 0.996456504 -0.084085360 -3.414824486 -0.986700296 0.015631121 0.161796704 58.313930511
0.167872891 0.086633764 0.981994510 54.788928986 0.000604110 0.996121824 -0.087983355 -3.468095779 -0.985808492 0.015363252 0.167169482 58.447860718
0.172840282 0.088738203 0.980944335 55.541404724 -0.000510283 0.995941162 -0.090004921 -3.540963650 -0.984949708 0.015055919 0.172184020 58.583442688
0.177596018 0.088455074 0.980120182 56.336688995 -0.004033538 0.996009290 -0.089158215 -3.620394945 -0.984095216 0.011880792 0.177244067 58.752990723
0.183031231 0.085941225 0.979343534 57.106941223 -0.000164249 0.996174395 -0.087387517 -3.681378365 -0.983107090 0.015833786 0.182345137 58.894165039
0.187591761 0.079325274 0.979038775 57.866123199 0.000812019 0.996720791 -0.080913536 -3.739090919 -0.982246697 0.015973710 0.186912239 59.042068481
0.191170871 0.073671803 0.978788018 58.617004395 -0.000815899 0.997190893 -0.074897602 -3.792889357 -0.981556356 0.013519647 0.190693974 59.192161560
0.194412649 0.069957487 0.978422165 59.356407166 -0.004801090 0.997509539 -0.070368275 -3.857490540 -0.980908036 0.008982988 0.194264352 59.347129822
0.197223276 0.070198894 0.977842093 60.091785431 -0.007019960 0.997508585 -0.070194870 -3.910626173 -0.980333447 0.006979651 0.197224721 59.507888794
0.198950410 0.072008207 0.977360427 60.806770325 -0.008728441 0.997387528 -0.071706951 -3.964363337 -0.979970634 0.005735296 0.199059159 59.663333893
0.200517774 0.076490976 0.976699352 61.507076263 -0.012813590 0.997066855 -0.075455397 -4.015604019 -0.979606211 0.002615127 0.200909734 59.815391541
0.202609152 0.080627888 0.975934744 62.195091248 -0.014032034 0.996741354 -0.079433732 -4.069648743 -0.979159117 0.002399649 0.203080252 59.967895508
0.204325318 0.085769363 0.975138307 62.872631073 -0.014204420 0.996308982 -0.084655136 -4.124438286 -0.978799939 0.003445913 0.204789490 60.121818542
0.205616996 0.087522991 0.974710882 63.549015045 -0.013899743 0.996153414 -0.086516231 -4.184829712 -0.978533745 0.004240975 0.206042618 60.273887634
0.207168162 0.087998986 0.974339545 64.211738586 -0.016554065 0.996118903 -0.086446241 -4.233056068 -0.978165269 0.001779630 0.207820863 60.416835785
0.208059087 0.084595867 0.974451125 64.905555725 -0.016482111 0.996414602 -0.082983442 -4.298717499 -0.977977395 0.001204449 0.208707392 60.571655273
0.208832324 0.081837058 0.974521339 65.560791016 -0.016347727 0.996645391 -0.080191776 -4.355487347 -0.977814853 0.000815427 0.209469602 60.712535858
0.209218651 0.080483481 0.974551201 66.215881348 -0.015084120 0.996754289 -0.079078831 -4.406929016 -0.977752566 0.001844515 0.209753558 60.852317810
0.207518160 0.079794213 0.974971294 66.846275330 -0.015472617 0.996810734 -0.078288317 -4.457833290 -0.978108764 0.001160893 0.208090946 60.989646912
0.206334069 0.080838829 0.975136518 67.471176147 -0.016902599 0.996727228 -0.079052165 -4.511188030 -0.978335559 -0.000171182 0.207025155 61.119369507
0.203132302 0.083738558 0.975564063 68.097068787 -0.017121842 0.996487796 -0.081969470 -4.560674667 -0.979001582 -0.000052809 0.203852594 61.278877258
0.201171398 0.087430216 0.975646436 68.685745239 -0.014478447 0.996165395 -0.086283617 -4.608181953 -0.979448974 0.003231953 0.201665863 61.392101288
0.200057030 0.088381112 0.975789845 69.290176392 -0.012345515 0.996071517 -0.087687016 -4.653120041 -0.979706466 0.005495777 0.200362191 61.506351471
0.197152466 0.087080106 0.976497829 69.876930237 -0.012888141 0.996191502 -0.086234219 -4.699894428 -0.980288029 0.004416049 0.197523892 61.637561798
0.194895834 0.084126823 0.977209389 70.459243774 -0.013422444 0.996450245 -0.083106250 -4.750200272 -0.980732024 0.003080525 0.195333183 61.751441956
0.192796499 0.079665855 0.977999449 71.032974243 -0.012569377 0.996817470 -0.078720890 -4.806662560 -0.981158257 0.002884266 0.193184257 61.867080688
0.191496357 0.078871705 0.978319168 71.598297119 -0.008848240 0.996864200 -0.078634836 -4.854148865 -0.981453419 0.006401882 0.191593722 61.966556549
0.189400643 0.080657274 0.978581488 72.150917053 -0.005462640 0.996691525 -0.081092678 -4.893859863 -0.981884658 0.010013367 0.189214632 62.072799683
0.186522007 0.082504436 0.978980362 72.694778442 -0.001449252 0.996489644 -0.083703935 -4.938360214 -0.982449770 0.014193834 0.185986817 62.178642273
0.185507208 0.084669657 0.978988409 73.246597290 -0.001899207 0.996309876 -0.085807875 -4.976051331 -0.982641041 0.014058675 0.184983477 62.275321960
0.183514461 0.086874478 0.979170680 73.790367126 -0.002484520 0.996124983 -0.087913059 -5.023484230 -0.983013868 0.013700550 0.183019206 62.385169983
0.182335436 0.085407250 0.979520023 74.345809937 -0.000865439 0.996233702 -0.086703479 -5.071312904 -0.983236074 0.014961398 0.181722656 62.487739563
0.183339730 0.084200859 0.979436874 74.898307800 0.005327029 0.996225238 -0.086641297 -5.107461929 -0.983035207 0.021102281 0.182199150 62.579799652
0.185318246 0.082038306 0.979248047 75.444282532 0.010679962 0.996282101 -0.085486479 -5.149620056 -0.982620537 0.026300544 0.183753103 62.678318024
0.186895236 0.081474535 0.978995383 76.001480103 0.013040241 0.996261239 -0.085400902 -5.199927330 -0.982293308 0.028727358 0.185134068 62.791007996
0.189451098 0.081983835 0.978461504 76.560722351 0.009756753 0.996301711 -0.085367762 -5.240403175 -0.981841743 0.025719624 0.187950566 62.922363281
0.195762634 0.081735730 0.977239013 77.122573853 0.008536005 0.996340692 -0.085043326 -5.296133041 -0.980614185 0.024990024 0.194348574 63.025787354
0.202165410 0.080471560 0.976039648 77.685119629 0.009961095 0.996397913 -0.084213264 -5.340241909 -0.979300737 0.026747428 0.200635612 63.149070740
0.210029930 0.081130266 0.974322975 78.258682251 0.008077245 0.996373177 -0.084707506 -5.376102924 -0.977661669 0.025660958 0.208612874 63.275680542
0.218073636 0.078944527 0.972734094 78.828277588 0.008582649 0.996529222 -0.082799777 -5.422574043 -0.975894630 0.026405083 0.216639176 63.421333313
0.226861879 0.078282394 0.970775723 79.410629272 0.004938977 0.996659100 -0.081523821 -5.475305557 -0.973914444 0.023289286 0.225717336 63.570976257
0.236175537 0.078628801 0.968523920 79.998413086 0.003265656 0.996650875 -0.081708610 -5.516799927 -0.971704841 0.022460438 0.235127807 63.730812073
0.246028692 0.082289107 0.965763092 80.590385437 -0.002001160 0.996430576 -0.084392391 -5.563455582 -0.969260454 0.018830299 0.245315179 63.892440796
0.255242586 0.084572114 0.963171124 81.189163208 -0.005234655 0.996273398 -0.086091504 -5.605953217 -0.966862857 0.016932352 0.254734099 64.071601868
0.266360551 0.087134443 0.959926903 81.791946411 -0.009319545 0.996091783 -0.087831229 -5.656549454 -0.963828444 0.014448688 0.266131550 64.245315552
0.276517063 0.088934928 0.956885040 82.402793884 -0.010720073 0.995932221 -0.089466229 -5.706159592 -0.960949242 0.014481057 0.276345640 64.435844421
0.286004245 0.089705013 0.954020202 83.005584717 -0.014372068 0.995898008 -0.089334153 -5.757489204 -0.958120584 0.011838701 0.286120325 64.629043579
0.296218753 0.089967094 0.950873494 83.636192322 -0.015040799 0.995869756 -0.089538865 -5.808153152 -0.955001652 0.012221199 0.296348482 64.837326050
0.306281865 0.091035061 0.947577953 84.279281616 -0.019502275 0.995808005 -0.089364924 -5.857678413 -0.951741099 0.008890935 0.306773335 65.061828613
0.316463470 0.086127371 0.944686651 84.926818848 -0.018323189 0.996239007 -0.084689274 -5.902320385 -0.948427677 0.009491390 0.316851377 65.290504456
0.327662408 0.079114921 0.941476583 85.592025757 -0.015293892 0.996801376 -0.078441277 -5.956596851 -0.944671035 0.011303423 0.327824354 65.524032593
0.338646442 0.074930198 0.937925339 86.258689880 -0.013751022 0.997111738 -0.074693613 -6.005897522 -0.940813184 0.012397295 0.338698715 65.768394470
0.349040359 0.071898773 0.934345484 86.946273804 -0.014772392 0.997350633 -0.071228608 -6.053287029 -0.936991274 0.011059141 0.349177748 66.036216736
0.358300388 0.069435909 0.931020677 87.615661621 -0.008491255 0.997431517 -0.071121052 -6.095218658 -0.933567762 0.017577160 0.357969731 66.295608521
0.367197782 0.063764900 0.927954614 88.321487427 -0.001442830 0.997685254 -0.067985550 -6.134793282 -0.930141747 0.023625256 0.366439849 66.568389893
0.374085546 0.054663062 0.925781786 89.041786194 0.007710449 0.998043537 -0.062045373 -6.178176880 -0.927362144 0.030348470 0.372932196 66.852699280
0.381332010 0.050150510 0.923076749 89.762672424 0.013040995 0.998136282 -0.059615824 -6.222254276 -0.924346149 0.034771264 0.379967242 67.143615723
0.388437480 0.050237417 0.920104623 90.474853516 0.014727974 0.998046875 -0.060710683 -6.272692204 -0.921357393 0.037133578 0.386938810 67.448974609
0.395903647 0.056716416 0.916538894 91.188095093 0.017329358 0.997451782 -0.069208883 -6.308809757 -0.918128550 0.043283079 0.393911839 67.756462097
0.402844995 0.060764223 0.913248897 91.902725220 0.020850807 0.996925592 -0.075529292 -6.359674454 -0.915030718 0.049468573 0.400339514 68.072586060
0.408124894 0.062839516 0.910760820 92.616653442 0.018841159 0.996835947 -0.077221408 -6.413222790 -0.912731647 0.048675761 0.405649602 68.403747559
0.412913978 0.064053357 0.908514857 93.297248840 0.012221098 0.997044325 -0.075849406 -6.475311279 -0.910687983 0.042422328 0.410910785 68.714027405
0.416718721 0.067787208 0.906504512 93.980895996 0.005497304 0.997009575 -0.077082165 -6.532028198 -0.909018934 0.037104912 0.415099919 69.050636292
0.420770943 0.070880979 0.904393613 94.665779114 0.004718731 0.996758401 -0.080315366 -6.591199875 -0.907154679 0.038061965 0.419072449 69.378242493
0.424494147 0.075258255 0.902297556 95.326278687 0.000962499 0.996501505 -0.083568387 -6.649877548 -0.905430138 0.036342751 0.422936648 69.690849304
0.428000569 0.078324072 0.900378227 95.981765747 -0.001791781 0.996309280 -0.085817412 -6.703158379 -0.903776586 0.035116620 0.426561266 70.014099121
0.431509614 0.076958030 0.898819745 96.626525879 -0.003728149 0.996498108 -0.083531566 -6.769269943 -0.902100682 0.032693736 0.430285424 70.339889526
0.436444700 0.073514417 0.896722734 97.309135437 -0.001763414 0.996724367 -0.080854386 -6.826413155 -0.899729371 0.033707179 0.435144752 70.657920837
0.439695209 0.070714414 0.895358980 97.949615479 -0.002021452 0.996971011 -0.077746928 -6.882460594 -0.898144782 0.032375023 0.438506365 70.980026245
0.443367988 0.069839001 0.893614769 98.582756042 -0.002944544 0.997068048 -0.076463282 -6.937927246 -0.896334887 0.031270087 0.442273676 71.302398682
0.446582764 0.071700558 0.891864836 99.199836731 -0.005302493 0.996978521 -0.077495940 -6.991427898 -0.894726694 0.029879244 0.445613563 71.624481201
0.449509919 0.071592323 0.890401840 99.799308777 -0.004532046 0.996953130 -0.077871561 -7.054311752 -0.893263936 0.030968701 0.448464781 71.926879883
0.451707244 0.069779322 0.889433265 100.408630371 -0.002160514 0.997019231 -0.077122599 -7.101632595 -0.892163634 0.032915208 0.450511545 72.242012024
0.453282744 0.068922408 0.888698220 100.984245300 -0.000737213 0.997034788 -0.076948360 -7.150454998 -0.891366482 0.034224208 0.451989532 72.516921997
0.455498636 0.068383664 0.887606144 101.583618164 -0.001673652 0.997109354 -0.075961217 -7.208217621 -0.890234888 0.033114687 0.454296410 72.840484619
0.457368046 0.067867704 0.886683941 102.159484863 -0.000133506 0.997088790 -0.076249339 -7.255378246 -0.889277518 0.034755632 0.456045568 73.142715454
0.459861010 0.070236705 0.885208726 102.721969604 -0.001247199 0.996917069 -0.078452259 -7.298584938 -0.887990057 0.034973107 0.458530843 73.435729980
0.462960720 0.069484055 0.883651137 103.280906677 0.002245659 0.996827483 -0.079559974 -7.354011536 -0.886375964 0.038817521 0.461335927 73.726837158
0.465800434 0.069264382 0.882174790 103.830635071 0.003500004 0.996779740 -0.080110699 -7.401103020 -0.884882808 0.040403213 0.464058012 74.020080566
0.468724400 0.066777155 0.880816758 104.370674133 0.006680669 0.996841967 -0.079128452 -7.458884239 -0.883319199 0.042973876 0.466798097 74.323905945
0.472585618 0.065922908 0.878815711 104.895156860 0.007666253 0.996853173 -0.078899808 -7.504840374 -0.881251395 0.044024140 0.470593035 74.573478699
0.475782037 0.065620527 0.877112031 105.414100647 0.009090112 0.996792972 -0.079505235 -7.545860291 -0.879516244 0.045800202 0.473659664 74.857368469
0.479329556 0.065015525 0.875223458 105.929039001 0.009440280 0.996812642 -0.079217814 -7.592510700 -0.877584159 0.046233788 0.477187991 75.141586304
0.482725143 0.063765824 0.873447418 106.440193176 0.011316831 0.996808350 -0.079026178 -7.641303062 -0.875698805 0.048032571 0.480462730 75.427062988
0.486992329 0.065169118 0.870971620 106.946617126 0.010870900 0.996682942 -0.080653593 -7.684994698 -0.873338580 0.048745915 0.484668434 75.703948975
0.491085708 0.065153517 0.868671358 107.444915771 0.012912133 0.996545017 -0.082044125 -7.735308647 -0.871015549 0.051507089 0.488547742 75.995559692
0.495821416 0.068705969 0.865702391 107.938491821 0.010958896 0.996290982 -0.085346639 -7.777017593 -0.868355393 0.051803831 0.493229419 76.286026001
0.501280308 0.074724600 0.862052441 108.421463013 0.007534903 0.995849371 -0.090703920 -7.820329189 -0.865252256 0.051963560 0.498636484 76.575523376
0.507192969 0.081878617 0.857934296 108.907966614 0.002267344 0.995346487 -0.096333236 -7.869235516 -0.861829579 0.050804768 0.504647076 76.876998901
0.513161957 0.087919727 0.853776872 109.386154175 -0.002812274 0.994906485 -0.100762568 -7.921928406 -0.858287156 0.049306471 0.510795414 77.178710938
0.519171476 0.092131384 0.849689901 109.859771729 -0.006753862 0.994584024 -0.103715494 -7.979970455 -0.854643404 0.048107427 0.516981781 77.489822388
0.524843693 0.092874728 0.846116662 110.350532532 -0.010913358 0.994682133 -0.102412634 -8.025495529 -0.851128638 0.044516638 0.523066163 77.802932739
0.530311227 0.091953799 0.842801630 110.840835571 -0.017306633 0.995067596 -0.097677030 -8.077831268 -0.847626388 0.037213162 0.529286861 78.131225586
0.535762966 0.089487970 0.839613020 111.337432861 -0.023718713 0.995570600 -0.090975232 -8.133771896 -0.844035327 0.028826607 0.535512328 78.475212097
0.541571498 0.087768599 0.836060405 111.844100952 -0.030593656 0.995933771 -0.084734388 -8.187410355 -0.840097845 0.020311583 0.542054474 78.821594238
0.547699630 0.085549712 0.832289875 112.353134155 -0.032884859 0.996191323 -0.080756545 -8.235526085 -0.836028576 0.016860588 0.548426867 79.171340942
0.553946376 0.089233637 0.827756464 112.866065979 -0.037941966 0.995912254 -0.081969857 -8.278972626 -0.831687450 0.014000192 0.555067718 79.537902832
0.559986174 0.093334846 0.823227823 113.384399414 -0.042025276 0.995554924 -0.084285773 -8.325641632 -0.827435255 0.012602499 0.561419487 79.906387329
0.566618979 0.096797772 0.818274558 113.911102295 -0.044570945 0.995222390 -0.086866409 -8.366817474 -0.822773635 0.012748880 0.568226218 80.277832031
0.572866201 0.099042445 0.813643038 114.438858032 -0.047016904 0.995008767 -0.088016152 -8.414347649 -0.818299234 0.012166502 0.574663579 80.662178040
